<launch>
    <!-- <arg name="imuname"/> -->
    <node pkg="urdf_estimation_with_imus" type="imu_calibrator.py" name="imu_calibrator" output="screen" />
</launch>


<!-- header: 
  seq: 378
  stamp: 
    secs: 1731654553
    nsecs: 914762020
  frame_id: "imua015d0"
data: 
  - 
    frame_id: "imua015d0"
    child_frame_id: ''
    vendor_id: ''
    gyro: 
      x: -0.0009055372351760172
      y: -0.004477433852122041
      z: 0.00010416986726163993
    gyro_covariance: [1.3984751397310686e-08, -1.8090374059416795e-09, 9.33760386498436e-10, -1.8090374059416795e-09, 6.517286125931453e-08, -1.0142951927609752e-09, 9.33760386498436e-10, -1.0142951927609752e-09, 9.044543174339449e-09]
    dgyro_dt: 
      x: 0.09043219561004665
      y: 0.13808926630160281
      z: 0.013545249277718746
    dgyro_covariance: [0.0006734778935679955, -0.0001688658331423771, 1.095370988289897e-06, -0.0001688658331423771, 0.0038963416966448614, -6.859194424224591e-05, 1.095370988289897e-06, -6.859194424224591e-05, 0.0005537449065971615]
    ddgyro_ddt: 
      x: 0.0
      y: 0.0
      z: 0.0
    ddgyro_covariance: [0.0, 0.0, 0.0, 0.0, 0.0, 0.0, 0.0, 0.0, 0.0]
    acc: 
      x: -1.1056423065640262
      y: 1.4952245358258989
      z: 9.648864680656816
    acc_covariance: [9.587332111632558e-05, -9.94696726090479e-07, -1.5248024602865259e-06, -9.94696726090479e-07, 0.00010672874659128443, -1.2309065749229064e-06, -1.5248024602865259e-06, -1.2309065749229064e-06, 9.079147065440756e-05]
    dacc_dt: 
      x: 0.0
      y: 0.0
      z: 0.0
    dacc_covariance: [0.0, 0.0, 0.0, 0.0, 0.0, 0.0, 0.0, 0.0, 0.0]
    
header: 
  seq: 242
  stamp: 
    secs: 1731654662
    nsecs: 945463180
  frame_id: "imua00fc8"
data: 
  - 
    frame_id: "imua00fc8"
    child_frame_id: ''
    vendor_id: ''
    gyro: 
      x: 0.0009864559037491283
      y: -0.006001372076943966
      z: -0.0001735435109998992
    gyro_covariance: [1.8611203097612036e-08, -8.324260134111376e-09, 1.6660067114727779e-09, -8.324260134111376e-09, 3.103083436957786e-08, 5.840730561608119e-10, 1.6660067114727779e-09, 5.840730561608119e-10, 8.144851355450425e-09]
    dgyro_dt: 
      x: 0.0002122090747188526
      y: -0.02583967957135043
      z: 0.038009815212416136
    dgyro_covariance: [0.0009765421259721572, -4.053242732600702e-05, 0.00010067205062357037, -4.053242732600702e-05, 0.000857554833120849, 4.7505253641694426e-05, 0.00010067205062357037, 4.7505253641694426e-05, 0.000492522944623136]
    ddgyro_ddt: 
      x: 0.0
      y: 0.0
      z: 0.0
    ddgyro_covariance: [0.0, 0.0, 0.0, 0.0, 0.0, 0.0, 0.0, 0.0, 0.0]
    acc: 
      x: -1.7228699309313233
      y: -8.70519989052463
      z: 4.117528984133057
    acc_covariance: [9.782943943815611e-05, 4.597908177348628e-06, -6.171436043647068e-06, 4.597908177348628e-06, 0.00010187326513849916, 1.000165568214377e-05, -6.171436043647067e-06, 1.000165568214377e-05, 7.351282914751326e-05]
    dacc_dt: 
      x: 0.0
      y: 0.0
      z: 0.0
    dacc_covariance: [0.0, 0.0, 0.0, 0.0, 0.0, 0.0, 0.0, 0.0, 0.0]


 -->
